28 168 9
1 2
1 5
1 6
1 8
1 10
1 11
1 12
1 13
1 16
1 17
1 18
1 23
1 25
1 27
2 5
2 6
2 8
2 10
2 12
2 13
2 15
2 18
2 19
2 20
2 23
2 28
3 4
3 6
3 7
3 10
3 13
3 14
3 16
3 19
3 21
3 23
3 25
3 26
3 28
4 5
4 6
4 7
4 8
4 9
4 14
4 15
4 17
4 19
4 20
4 21
4 22
4 23
4 26
5 7
5 10
5 12
5 13
5 15
5 17
5 18
5 21
5 22
5 23
5 26
5 27
6 12
6 13
6 14
6 19
6 22
6 28
7 10
7 11
7 13
7 15
7 17
7 21
7 24
7 26
7 27
8 13
8 15
8 17
8 22
8 23
8 25
8 26
8 27
9 11
9 13
9 17
9 19
9 20
9 21
9 22
9 25
10 13
10 14
10 20
10 24
10 25
11 16
11 17
11 18
11 19
11 21
11 27
11 28
12 15
12 17
12 19
12 20
12 21
12 22
12 24
13 18
13 20
13 22
13 23
13 24
13 25
13 26
13 27
14 15
14 19
14 21
14 22
15 16
15 17
15 18
15 20
15 21
15 28
16 18
16 20
16 22
16 25
16 26
16 28
17 20
17 22
17 23
17 27
17 28
18 23
18 26
18 27
19 20
19 22
19 24
19 25
20 21
20 23
20 26
20 28
21 23
21 25
21 27
21 28
22 24
22 25
22 27
23 24
23 25
24 25
25 26
25 27
27 28
