30 240 9
1 4
1 6
1 7
1 8
1 10
1 11
1 12
1 15
1 16
1 19
1 20
1 21
1 22
1 23
1 24
1 26
1 28
1 30
2 4
2 5
2 9
2 12
2 13
2 15
2 18
2 19
2 20
2 21
2 25
2 26
2 29
3 4
3 5
3 6
3 7
3 8
3 9
3 12
3 13
3 16
3 19
3 20
3 21
3 22
3 23
3 24
3 27
3 29
4 5
4 7
4 9
4 10
4 11
4 14
4 15
4 16
4 17
4 18
4 21
4 22
4 23
4 27
4 28
4 29
5 6
5 8
5 10
5 11
5 14
5 15
5 16
5 18
5 19
5 20
5 21
5 22
5 23
5 24
5 25
5 26
5 27
5 28
5 29
5 30
6 10
6 13
6 14
6 15
6 16
6 18
6 23
6 24
6 26
6 27
6 28
6 29
6 30
7 11
7 13
7 18
7 19
7 22
7 25
7 26
7 28
7 29
8 9
8 11
8 13
8 16
8 18
8 19
8 23
8 25
8 26
8 28
8 30
9 10
9 12
9 13
9 14
9 15
9 17
9 18
9 21
9 24
9 25
9 27
9 28
9 29
10 11
10 12
10 16
10 17
10 24
10 25
10 26
10 27
10 30
11 12
11 13
11 14
11 18
11 20
11 23
11 25
12 15
12 16
12 17
12 18
12 20
12 26
12 27
12 29
13 14
13 16
13 17
13 19
13 20
13 22
13 23
13 24
13 25
13 26
13 30
14 15
14 16
14 17
14 18
14 19
14 20
14 24
14 25
14 26
14 28
14 29
14 30
15 16
15 17
15 18
15 20
15 22
15 23
15 26
15 27
15 28
15 29
16 19
16 23
16 24
16 27
16 30
17 19
17 22
17 23
17 25
17 28
17 30
18 19
18 21
18 22
18 24
18 25
18 26
18 27
18 28
18 30
19 22
19 24
19 25
19 28
20 28
20 29
20 30
21 24
21 25
21 27
21 28
21 30
22 23
22 24
22 25
22 28
22 30
23 24
23 25
23 26
23 28
23 29
23 30
24 25
24 26
25 26
25 29
25 30
26 28
26 30
27 29
28 29
29 30
