50 500 5
1 6
1 10
1 12
1 15
1 19
1 21
1 25
1 27
1 29
1 36
1 47
1 50
2 4
2 5
2 9
2 10
2 11
2 17
2 18
2 19
2 26
2 29
2 32
2 33
2 41
2 42
2 43
2 44
2 48
2 49
2 50
3 5
3 7
3 9
3 11
3 13
3 15
3 16
3 17
3 19
3 20
3 23
3 25
3 26
3 31
3 32
3 34
3 39
3 40
3 41
3 43
3 45
4 5
4 6
4 8
4 12
4 17
4 18
4 19
4 22
4 25
4 26
4 28
4 29
4 32
4 34
4 35
4 36
4 41
4 43
4 44
4 47
4 49
5 8
5 10
5 11
5 12
5 14
5 15
5 17
5 20
5 23
5 26
5 27
5 29
5 31
5 34
5 39
5 40
5 46
5 47
5 48
5 50
6 13
6 14
6 19
6 21
6 23
6 24
6 27
6 30
6 33
6 34
6 37
6 38
6 42
6 43
6 44
6 45
6 48
6 50
7 8
7 11
7 12
7 14
7 15
7 17
7 21
7 25
7 26
7 31
7 32
7 33
7 34
7 35
7 36
7 37
7 39
7 41
7 47
7 49
8 10
8 11
8 19
8 20
8 21
8 23
8 24
8 26
8 29
8 33
8 34
8 36
8 38
8 39
8 42
8 43
8 46
9 10
9 12
9 13
9 16
9 17
9 18
9 22
9 24
9 29
9 31
9 33
9 38
9 39
9 40
9 41
9 43
9 44
9 45
10 12
10 15
10 16
10 19
10 23
10 25
10 26
10 27
10 28
10 30
10 32
10 33
10 35
10 36
10 40
10 41
10 42
10 47
10 48
11 13
11 14
11 16
11 18
11 19
11 21
11 25
11 31
11 32
11 33
11 38
11 41
11 42
11 43
11 46
11 47
11 50
12 13
12 14
12 16
12 17
12 18
12 19
12 20
12 22
12 30
12 32
12 33
12 40
12 43
12 46
12 50
13 15
13 16
13 21
13 25
13 26
13 27
13 30
13 33
13 35
13 37
13 38
13 40
13 41
13 42
13 45
13 50
14 16
14 17
14 20
14 21
14 22
14 25
14 26
14 27
14 29
14 30
14 31
14 32
14 33
14 34
14 38
14 40
14 41
14 42
15 16
15 21
15 27
15 28
15 31
15 35
15 40
15 41
15 44
15 46
15 48
15 49
15 50
16 17
16 21
16 24
16 28
16 29
16 30
16 32
16 39
16 44
16 45
16 47
16 50
17 19
17 20
17 21
17 23
17 25
17 29
17 36
17 39
17 41
17 42
17 46
17 47
17 48
17 50
18 19
18 22
18 24
18 26
18 27
18 28
18 29
18 38
18 40
18 46
18 48
19 20
19 21
19 25
19 34
19 37
19 40
19 41
19 44
19 45
19 49
19 50
20 26
20 28
20 30
20 35
20 38
20 41
20 43
20 44
20 45
20 48
21 23
21 27
21 30
21 31
21 32
21 33
21 34
21 35
21 36
21 42
21 47
21 48
21 50
22 24
22 26
22 31
22 32
22 42
22 45
22 47
23 25
23 27
23 30
23 31
23 33
23 35
23 36
23 38
23 39
23 41
23 44
23 49
24 26
24 30
24 31
24 32
24 35
24 36
24 37
24 41
24 44
24 48
24 50
25 28
25 31
25 32
25 34
25 35
25 39
25 40
25 41
25 43
25 46
25 50
26 28
26 31
26 32
26 33
26 35
26 38
26 42
26 43
26 44
26 49
27 36
27 39
27 40
27 46
27 48
27 50
28 29
28 30
28 31
28 32
28 33
28 35
28 36
28 37
28 38
28 39
28 40
28 41
28 43
28 47
29 31
29 32
29 34
29 41
29 47
30 31
30 36
30 41
30 43
30 46
30 48
31 32
31 33
31 34
31 37
31 39
31 42
31 45
31 46
31 48
31 49
32 34
32 36
32 38
32 41
32 42
32 44
32 45
32 47
32 48
33 38
33 43
33 45
33 46
33 48
34 37
34 43
34 47
34 48
35 41
35 42
35 45
36 38
36 42
36 43
36 45
36 46
36 47
36 48
36 49
36 50
37 39
37 40
37 41
37 42
37 43
37 48
38 39
38 40
38 43
38 45
38 50
39 45
39 46
39 47
40 45
40 46
40 50
41 43
41 44
41 45
41 46
41 48
41 49
42 43
42 44
42 45
42 46
42 47
42 48
42 49
42 50
43 44
43 45
43 46
44 45
44 46
45 47
45 48
45 50
46 48
46 50
47 48
49 50
