34 282 6
1 2
1 3
1 5
1 10
1 11
1 12
1 13
1 14
1 15
1 16
1 17
1 20
1 21
1 23
1 27
1 28
1 30
1 31
1 32
1 33
2 3
2 4
2 5
2 12
2 15
2 16
2 18
2 20
2 21
2 22
2 26
2 28
2 30
2 32
3 5
3 10
3 14
3 15
3 16
3 18
3 19
3 20
3 26
3 30
3 32
3 34
4 5
4 7
4 11
4 14
4 15
4 17
4 19
4 21
4 22
4 23
4 25
4 26
4 27
4 28
4 30
4 32
4 34
5 6
5 9
5 11
5 15
5 16
5 19
5 21
5 24
5 26
5 28
5 30
5 31
5 33
6 7
6 8
6 9
6 12
6 13
6 16
6 20
6 22
6 24
6 25
6 26
6 28
6 29
6 30
6 34
7 9
7 10
7 12
7 13
7 14
7 15
7 17
7 18
7 23
7 25
7 26
7 28
7 29
7 32
7 34
8 10
8 13
8 15
8 16
8 17
8 18
8 19
8 21
8 22
8 24
8 27
8 29
8 30
8 33
9 11
9 13
9 15
9 16
9 17
9 18
9 22
9 25
9 26
9 29
9 31
9 33
10 11
10 12
10 15
10 17
10 19
10 21
10 23
10 24
10 25
10 26
10 28
10 30
10 31
10 33
11 13
11 15
11 16
11 17
11 19
11 20
11 24
11 25
11 26
11 28
11 29
11 30
11 31
11 33
12 15
12 17
12 18
12 19
12 20
12 21
12 24
12 25
12 26
12 27
12 29
12 34
13 18
13 19
13 21
13 23
13 27
13 29
13 30
13 32
13 33
13 34
14 15
14 19
14 20
14 23
14 24
14 29
14 30
14 31
14 32
14 33
15 17
15 20
15 21
15 23
15 25
15 28
15 30
15 31
15 33
15 34
16 20
16 21
16 22
16 23
16 24
16 26
16 28
16 32
17 19
17 28
17 33
17 34
18 23
18 24
18 27
18 28
18 29
18 31
18 33
18 34
19 24
19 25
19 27
19 29
19 30
19 31
19 33
19 34
20 21
20 23
20 26
20 28
20 30
20 31
20 33
21 24
21 25
21 26
21 27
21 28
21 29
21 30
21 31
21 33
22 23
22 28
22 30
22 33
22 34
23 26
23 28
23 29
23 30
24 25
24 26
24 28
24 30
24 31
24 33
25 27
25 29
25 31
26 27
26 30
26 31
26 33
26 34
27 28
27 30
27 34
28 30
28 31
28 34
29 34
30 34
31 32
31 33
31 34
32 34
33 34
