33 173 7
1 10
1 13
1 15
1 17
1 23
1 27
1 29
1 31
2 6
2 8
2 12
2 22
2 25
2 28
2 29
2 32
3 5
3 8
3 10
3 12
3 14
3 15
3 20
3 22
3 23
3 24
3 26
3 29
4 6
4 8
4 10
4 13
4 21
4 22
4 24
4 25
4 32
4 33
5 6
5 9
5 10
5 14
5 16
5 19
5 26
5 27
5 28
5 29
5 30
5 32
6 7
6 9
6 12
6 14
6 18
6 30
6 32
7 11
7 17
7 19
7 25
7 29
7 31
7 33
8 9
8 12
8 17
8 19
8 28
9 11
9 13
9 17
9 20
9 25
9 27
9 31
9 32
10 12
10 14
10 16
10 17
10 20
10 21
10 23
10 25
10 31
10 32
10 33
11 15
11 21
11 23
11 26
11 27
12 17
12 18
12 19
12 25
12 28
12 30
12 32
12 33
13 14
13 15
13 24
13 25
13 27
13 30
13 31
14 17
14 24
14 28
14 33
15 16
15 17
15 18
15 19
15 26
15 29
15 31
15 33
16 17
16 19
16 22
16 27
16 30
16 31
16 32
17 18
17 23
17 25
17 30
17 33
18 24
18 27
18 32
19 21
19 24
19 25
19 28
19 33
20 22
20 26
20 27
20 29
20 30
21 22
21 23
21 24
21 26
21 28
21 31
21 33
22 26
22 29
22 31
22 32
22 33
23 24
23 26
23 27
23 29
23 30
24 26
24 28
25 30
25 32
26 27
26 33
27 29
27 31
28 29
28 30
28 33
