50 500 22
1 2
1 4
1 7
1 10
1 11
1 12
1 21
1 22
1 24
1 25
1 28
1 30
1 32
1 34
1 39
1 47
1 49
2 5
2 6
2 9
2 10
2 14
2 15
2 19
2 20
2 22
2 23
2 25
2 28
2 29
2 38
2 41
2 42
2 46
2 47
2 49
2 50
3 4
3 14
3 16
3 20
3 26
3 30
3 31
3 32
3 33
3 37
3 38
3 39
3 41
3 44
3 46
3 47
3 48
4 8
4 10
4 13
4 16
4 17
4 19
4 20
4 24
4 27
4 28
4 33
4 34
4 37
4 38
4 44
4 47
4 50
5 8
5 9
5 11
5 16
5 18
5 19
5 20
5 22
5 26
5 31
5 33
5 37
5 39
5 44
5 45
5 46
5 47
5 49
5 50
6 8
6 9
6 11
6 12
6 13
6 16
6 19
6 26
6 28
6 30
6 32
6 35
6 40
6 46
6 48
7 11
7 16
7 18
7 21
7 22
7 23
7 25
7 26
7 28
7 30
7 33
7 34
7 35
7 36
7 37
7 38
7 39
7 40
7 42
7 45
7 48
7 49
7 50
8 10
8 11
8 14
8 17
8 18
8 19
8 21
8 23
8 25
8 26
8 27
8 28
8 29
8 31
8 32
8 33
8 35
8 36
8 41
8 44
8 46
9 10
9 14
9 15
9 18
9 20
9 24
9 26
9 27
9 31
9 33
9 36
9 37
9 39
9 41
9 43
9 44
9 46
9 47
9 49
9 50
10 17
10 18
10 19
10 20
10 21
10 22
10 24
10 30
10 32
10 33
10 38
10 39
10 40
10 41
10 43
10 46
10 49
11 13
11 18
11 21
11 24
11 29
11 30
11 31
11 34
11 36
11 40
11 50
12 22
12 23
12 24
12 28
12 29
12 31
12 32
12 34
12 35
12 38
12 42
12 43
12 46
12 48
12 49
13 18
13 19
13 20
13 24
13 26
13 27
13 28
13 30
13 32
13 33
13 36
13 37
13 38
13 39
13 41
13 43
13 44
13 48
14 15
14 17
14 21
14 25
14 26
14 27
14 32
14 33
14 35
14 36
14 37
14 40
14 43
14 44
14 45
14 50
15 17
15 18
15 20
15 24
15 26
15 28
15 32
15 33
15 35
15 38
15 41
15 47
15 48
16 17
16 21
16 24
16 31
16 35
16 41
16 43
16 49
16 50
17 18
17 19
17 20
17 21
17 24
17 25
17 28
17 29
17 31
17 41
17 42
17 43
17 44
17 45
17 46
17 47
17 49
18 20
18 24
18 28
18 32
18 33
18 36
18 37
18 40
18 41
18 44
18 47
18 48
19 20
19 22
19 24
19 30
19 32
19 33
19 37
19 38
19 40
19 42
19 43
19 44
19 47
19 48
20 21
20 26
20 34
20 36
20 38
20 41
20 42
20 49
21 23
21 24
21 26
21 33
21 34
21 35
21 36
21 38
21 40
21 47
22 26
22 28
22 29
22 32
22 33
22 37
22 39
22 42
22 43
22 46
22 49
23 25
23 26
23 29
23 30
23 33
23 35
23 38
23 40
23 43
23 46
23 49
23 50
24 25
24 27
24 30
24 31
24 33
24 34
24 35
24 36
24 41
24 42
24 45
24 46
24 48
24 49
25 26
25 32
25 34
25 35
25 37
25 39
25 40
25 41
25 46
25 50
26 32
26 34
26 37
26 46
26 48
26 49
27 29
27 30
27 32
27 38
27 39
27 46
27 47
27 49
28 38
28 39
28 40
28 41
28 44
28 46
28 47
29 31
29 32
29 33
29 34
29 35
29 39
29 40
29 44
29 46
29 48
29 50
30 35
30 38
30 43
30 48
30 49
30 50
31 33
31 35
31 37
31 39
31 40
31 42
31 45
31 46
31 47
31 50
32 33
32 35
32 37
32 41
32 43
32 45
32 46
32 49
32 50
33 34
33 35
33 36
33 40
33 43
33 46
33 47
33 48
33 50
34 38
34 39
34 42
34 43
34 45
34 48
35 38
35 41
35 42
35 46
35 49
35 50
36 39
36 42
36 45
36 47
36 48
37 39
37 40
37 41
37 46
37 49
37 50
38 39
38 41
38 42
38 43
38 47
38 49
39 40
39 42
39 43
39 44
39 45
39 49
40 42
40 46
40 49
41 42
41 45
41 48
41 50
42 45
42 46
42 47
42 48
42 50
43 45
43 47
43 48
43 50
44 48
45 46
45 49
46 48
46 49
48 50
49 50
